3503,3503,3503,3503,3503,3503,3503,3503,3503,3503,3503,3503,3503,3503,3503,3503,3503,3503,3503,3503,3503,3503,3503,3503,3503,3503,3503,3503,3503,3503,3503,3503,3503,3503,3503,3503,3503,3503,3503,3503,3503,3503,3503,3503,3503,3503,3503,3503,3503,3503,3503,3503,3503,3503,3503,3503,3503,3503,3503,3503,
3503,3503,3503,3503,3503,3503,3503,3503,3503,3503,3503,3503,3503,3503,3503,3503,3503,3503,3503,3503,3503,3503,3503,3503,3503,3503,3503,3503,3503,3503,3503,3503,3503,3503,3503,3503,3503,3503,3503,3503,3503,3503,3503,3503,3503,3503,3503,3503,3503,3503,3503,3503,3503,3503,3503,3503,3503,3503,3503,3503,
3503,3503,3503,3503,3503,3503,3503,3503,3503,3503,3503,3503,3503,3503,3503,3503,3503,3503,3503,3503,3503,3503,3503,3503,3503,3503,3503,3503,3503,3503,3503,3503,3503,3503,3503,3503,3503,3503,3503,3503,3503,3503,3503,3503,3503,3503,3503,3503,3503,3503,3503,3503,3503,3503,3503,3503,3503,3503,3503,3503,
3503,3503,3503,3503,3503,3503,3503,3503,3503,3503,3503,3503,3503,3503,3503,3503,3503,3503,3503,3503,3503,3503,3503,3503,3503,3503,3503,3503,3503,3503,3503,3503,3503,3503,3503,3503,3503,3503,3503,3503,3503,3503,3503,3503,3503,3503,3503,3503,3503,3503,3503,3503,3503,3503,3503,3503,3503,3503,3503,3503,
3503,3503,3503,3503,3503,3503,3503,3503,3503,3503,3503,3503,3503,3503,3503,3503,3503,3503,3503,3503,3503,3503,3503,3503,3503,3503,3503,3503,3503,3503,3503,3503,3503,3503,3503,3503,3503,3503,3503,3503,3503,3503,3503,3503,3503,3503,3503,3503,3503,3503,3503,3503,3503,3503,3503,3503,3503,3503,3503,3503,
3503,3503,3503,3503,3503,3503,3503,3503,3503,3503,3503,3503,3503,3503,3503,3503,3503,3503,3503,3503,3503,3503,3503,3503,3503,3503,3503,3503,3503,3503,3503,3503,3503,3503,3503,3503,3503,3503,3503,3503,3503,3503,3503,3503,3503,3503,3503,3503,3503,3503,3503,3503,3503,3503,3503,3503,3503,3503,3503,3503,
3503,3503,3503,3503,3503,3503,3503,3503,3503,3503,3503,3503,3503,3503,3503,3503,3503,3503,3503,3503,3503,3503,3503,3503,3503,3503,3503,3503,3503,3503,3503,3503,3503,3503,3503,3503,3503,3503,3503,3503,3503,3503,3503,3503,3503,3503,3503,3503,3503,3503,3503,3503,3503,3503,3503,3503,3503,3503,3503,3503,
3503,3503,3503,3503,3503,3503,3503,3503,3503,3503,3503,3503,3503,3503,3503,3503,3503,3503,3503,3503,3503,3503,3503,3503,3503,3503,3503,3503,3503,3503,3503,3503,3503,3503,3503,3503,3503,3503,3503,3503,3503,3503,3503,3503,3503,3503,3503,3503,3503,3503,3503,3503,3503,3503,3503,3503,3503,3503,3503,3503,
3503,3503,3503,3503,3503,3503,3503,3503,3503,3503,3503,3503,3503,3503,3503,3503,3503,3503,3503,3503,3503,3503,3503,3503,3503,3503,3503,3503,3503,3503,3503,3503,3503,3503,3503,3503,3503,3503,3503,3503,3503,3503,3503,3503,3503,3503,3503,3503,3503,3503,3503,3503,3503,3503,3503,3503,3503,3503,3503,3503,
3503,3503,3503,3503,3503,3503,3503,3503,3503,3503,3503,3503,3503,3503,3503,3503,3503,3503,3503,3503,3503,3503,3503,3503,3503,3503,3503,3503,3503,3503,3503,3503,3503,3503,3503,3503,3503,3503,3503,3503,3503,3503,3503,3503,3503,3503,3503,3503,3503,3503,3503,3503,3503,3503,3503,3503,3503,3503,3503,3503,
3503,3503,3503,3503,3503,3503,3503,3503,3503,3503,3503,3503,3503,3503,3503,3503,3503,3503,3503,3503,3503,3503,3503,3503,3503,3503,3503,3503,3503,3503,3503,3503,3503,3503,3503,3503,3503,3503,3503,3503,3503,3503,3503,3503,3503,3503,3503,3503,3503,3503,3503,3503,3503,3503,3503,3503,3503,3503,3503,3503,
3503,3503,3503,3503,3503,3503,3503,3503,3503,3503,3503,3503,3503,3503,3503,3503,3503,3503,3503,3503,3503,3503,3503,3503,3503,3503,3503,3503,3503,3503,3503,3503,3503,3503,3503,3503,3503,3503,3503,3503,3503,3503,3503,3503,3503,3503,3503,3503,3503,3503,3503,3503,3503,3503,3503,3503,3503,3503,3503,3503,
3503,3503,3503,3503,3503,3503,3503,3503,3503,3503,3503,3503,3503,3503,3503,3503,3503,3503,3503,3503,3503,3503,3503,3503,3503,3503,3503,3503,3503,3503,3503,3503,3503,3503,3503,3503,3503,3503,3503,3503,3503,3503,3503,3503,3503,3503,3503,3503,3503,3503,3503,3503,3503,3503,3503,3503,3503,3503,3503,3503,
3503,3503,3503,3503,3503,3503,3503,3503,3503,3503,3503,3503,3503,3503,3503,3503,3503,3503,3503,3503,3503,3503,3503,3503,3503,3503,3503,3503,3503,3503,3503,3503,3503,3503,3503,3503,3503,3503,3503,3503,3503,3503,3503,3503,3503,3503,3503,3503,3503,3503,3503,3503,3503,3503,3503,3503,3503,3503,3503,3503,
3503,3503,3503,3503,3503,3503,3503,3503,3503,3503,3503,3503,3503,3503,3503,3503,3503,3503,3503,3503,3503,3503,3503,3503,3503,3503,3503,3503,3503,3503,3503,3503,3503,3503,3503,3503,3503,3503,3503,3503,3503,3503,3503,3503,3503,3503,3503,3503,3503,3503,3503,3503,3503,3503,3503,3503,3503,3503,3503,3503,
3503,3503,3503,3503,3503,3503,3503,3503,3503,3503,3503,3503,3503,3503,3503,3503,3503,3503,3503,3503,3503,3503,3503,3503,3503,3503,3503,3503,3503,3503,3503,3503,3503,3503,3503,3503,3503,3503,3503,3503,3503,3503,3503,3503,3503,3503,3503,3503,3503,3503,3503,3503,3503,3503,3503,3503,3503,3503,3503,3503,
3503,3503,3503,3503,3503,3503,3503,3503,3503,3503,3503,3503,3503,3503,3503,3503,3503,3503,3503,3503,3503,3503,3503,3503,3503,3503,3503,3503,3503,3503,3503,3503,3503,3503,3503,3503,3503,3503,3503,3503,3503,3503,3503,3503,3503,3503,3503,3503,3503,3503,3503,3503,3503,3503,3503,3503,3503,3503,3503,3503,
3503,3503,3503,3503,3503,3503,3503,3503,3503,3503,3503,3503,3503,3503,3503,3503,3503,3503,3503,3503,3503,3503,3503,3503,3503,3503,3503,3503,3503,3503,3503,3503,3503,3503,3503,3503,3503,3503,3503,3503,3503,3503,3503,3503,3503,3503,3503,3503,3503,3503,3503,3503,3503,3503,3503,3503,3503,3503,3503,3503,
3503,3503,3503,3503,3503,3503,3503,3503,3503,3503,3503,3503,3503,3503,3503,3503,3503,3503,3503,3503,3503,3503,3503,3503,3503,3503,3503,3503,3503,3503,3503,3503,3503,3503,3503,3503,3503,3503,3503,3503,3503,3503,3503,3503,3503,3503,3503,3503,3503,3503,3503,3503,3503,3503,3503,3503,3503,3503,3503,3503,
3503,3503,3503,3503,3503,3503,3503,3503,3503,3503,3503,3503,3503,3503,3503,3503,3503,3503,3503,3503,3503,3503,3503,3503,3503,3503,3503,3503,3503,3503,3503,3503,3503,3503,3503,3503,3503,3503,3503,3503,3503,3503,3503,3503,3503,3503,3503,3503,3503,3503,3503,3503,3503,3503,3503,3503,3503,3503,3503,3503,
3503,3503,3503,3503,3503,3503,3503,3503,3503,3503,3503,3503,3503,3503,3503,3503,3503,3503,3503,3503,3503,3503,3503,3503,3503,3503,3503,3503,3503,3503,3503,3503,3503,3503,3503,3503,3503,3503,3503,3503,3503,3503,3503,3503,3503,3503,3503,3503,3503,3503,3503,3503,3503,3503,3503,3503,3503,3503,3503,3503,
3503,3503,3503,3503,3503,3503,3503,3503,3503,3503,3503,3503,3503,3503,3503,3503,3503,3503,3503,3503,3503,3503,3503,3503,3503,3503,3503,3503,3503,3503,3503,3503,3503,3503,3503,3503,3503,3503,3503,3503,3503,3503,3503,3503,3503,3503,3503,3503,3503,3503,3503,3503,3503,3503,3503,3503,3503,3503,3503,3503,
3503,3503,3503,3503,3503,3503,3503,3503,3503,3503,3503,3503,3503,3503,3503,3503,3503,3503,3503,3503,3503,3503,3503,3503,3503,3503,3503,3503,3503,3503,3503,3503,3503,3503,3503,3503,3503,3503,3503,3503,3503,3503,3503,3503,3503,3503,3503,3503,3503,3503,3503,3503,3503,3503,3503,3503,3503,3503,3503,3503,
3503,3503,3503,3503,3503,3503,3503,3503,3503,3503,3503,3503,3503,3503,3503,3503,3503,3503,3503,3503,3503,3503,3503,3503,3503,3503,3503,3503,3503,3503,3503,3503,3503,3503,3503,3503,3503,3503,3503,3503,3503,3503,3503,3503,3503,3503,3503,3503,3503,3503,3503,3503,3503,3503,3503,3503,3503,3503,3503,3503,
3503,3503,3503,3503,3503,3503,3503,3503,3503,3503,3503,3503,10644,10644,3503,3503,3503,3503,3503,3503,3503,3503,3503,3503,3503,3503,3503,3503,3503,3503,3503,3503,3503,3503,3503,3503,3503,3503,3503,3503,3503,3503,3503,3503,3503,3503,3503,3503,3503,3503,3503,3503,3503,3503,3503,3503,3503,3503,3503,3503,
3503,3503,3503,3503,10644,10644,10644,3503,3503,3503,3503,3503,10644,10644,10644,3503,3503,3503,3503,3503,3503,3503,3503,3503,3503,3503,3503,3503,3503,3503,3503,3503,3503,3503,3503,3503,3503,3503,3503,3503,3503,3503,3503,3503,3503,3503,3503,3503,3503,3503,3503,3503,3503,3503,3503,3503,3503,3503,3503,3503,
3503,3503,3503,3503,10644,10644,10644,3503,3503,3503,3503,3503,10644,10644,10644,3503,3503,3503,3503,3503,3503,3503,3503,3503,3503,3503,3503,3503,3503,3503,3503,3503,3503,3503,3503,3503,3503,3503,3503,3503,3503,3503,3503,3503,3503,3503,3503,3503,3503,3503,3503,3503,3503,3503,3503,3503,3503,3503,3503,3503,
3503,3503,3503,3503,10644,10644,10644,3503,3503,3503,3503,3503,10644,10644,10644,3503,3503,3503,3503,3503,3503,3503,3503,3503,3503,3503,3503,3503,3503,3503,3503,3503,3503,3503,3503,3503,3503,3503,3503,3503,3503,3503,3503,3503,3503,3503,3503,3503,3503,3503,3503,3503,3503,3503,3503,3503,3503,3503,3503,3503,
3503,3503,3503,3503,3503,3503,3503,3503,3503,3503,3503,3503,3503,3503,3503,3503,3503,3503,3503,3503,3503,3503,3503,3503,3503,3503,3503,3503,3503,3503,3503,3503,3503,3503,3503,3503,3503,3503,3503,3503,3503,3503,3503,3503,3503,3503,3503,3503,3503,3503,3503,3503,3503,3503,3503,3503,3503,3503,3503,3503,
3503,3503,3503,3503,3503,3503,3503,3503,3503,3503,3503,3503,3503,3503,3503,3503,3503,3503,3503,3503,3503,3503,3503,3503,3503,3503,3503,3503,3503,3503,3503,3503,3503,3503,3503,3503,3503,3503,3503,3503,3503,3503,3503,3503,3503,3503,3503,3503,3503,3503,3503,3503,3503,3503,3503,3503,3503,3503,3503,3503,
3503,3503,3503,3503,3503,3503,3503,3503,3503,3503,3503,3503,3503,3503,3503,3503,3503,3503,3503,3503,3503,3503,3503,3503,3503,3503,3503,3503,3503,3503,3503,3503,3503,3503,3503,3503,3503,3503,3503,3503,3503,3503,3503,3503,3503,3503,3503,3503,3503,3503,3503,3503,3503,3503,3503,3503,3503,3503,3503,3503,
3503,3503,3503,3503,3503,3503,3503,3503,3503,3503,3503,3503,3503,3503,3503,3503,3503,3503,3503,3503,3503,3503,3503,3503,3503,3503,3503,3503,3503,3503,3503,3503,3503,3503,3503,3503,3503,3503,3503,3503,3503,3503,3503,3503,3503,3503,3503,3503,3503,3503,3503,3503,3503,3503,3503,3503,3503,3503,3503,3503,
3503,3503,3503,3503,3503,3503,3503,3503,3503,3503,3503,3503,3503,3503,3503,3503,3503,3503,3503,3503,3503,3503,3503,3503,3503,3503,3503,3503,3503,3503,3503,3503,3503,3503,3503,3503,3503,3503,3503,3503,3503,3503,3503,3503,3503,3503,3503,3503,3503,3503,3503,3503,3503,3503,3503,3503,3503,3503,3503,3503,
3503,3503,3503,3503,3503,3503,3503,3503,3503,3503,3503,3503,3503,3503,3503,3503,3503,3503,3503,3503,3503,3503,3503,3503,3503,3503,3503,3503,3503,3503,3503,3503,3503,3503,3503,3503,3503,3503,3503,3503,3503,3503,3503,3503,3503,3503,3503,3503,3503,3503,3503,3503,3503,3503,3503,3503,3503,3503,3503,3503,
1,1,1,1,1,1,1,1,1,1,1,1,1,1,1,1,1,1,1,1,1,1,1,1,1,1,1,3491,3491,3491,3491,1,1,1,1,1,1,1,1,1,1,1,1,1,1,1,1,1,1,1,1,1,1,1,1,1,1,1,1,1,
1,1,1,1,1,1,1,1,1,1,1,1,1,1,1,1,1,1,1,1,1,1,1,1,1,1,1,3574,3574,3574,3574,1,1,1,1,1,1,1,1,1,1,1,1,1,1,1,1,1,1,1,1,1,1,1,1,1,1,1,1,1,
1,1,1,1,1,1,1,1,1,1,1,1,1,1,1,1,1,1,1,1,1,1,1,1,1,1,1,3503,3503,3503,3503,1,1,1,1,1,1,1,1,1,1,1,1,1,1,1,1,1,1,1,1,1,1,1,1,1,1,1,1,1,
915,915,915,915,915,915,915,915,915,915,915,915,915,915,915,915,915,915,915,915,915,915,915,915,915,915,915,3503,3503,3503,3503,915,915,915,915,915,915,915,915,915,915,915,915,915,915,915,915,915,915,915,915,915,915,915,915,915,915,915,915,915,
3503,3503,3503,3503,3503,3503,3503,3503,3503,3503,3503,3503,3503,3503,3503,3503,3503,3503,3503,3503,3503,3503,3503,3503,3503,3503,3503,3503,3503,3503,3503,3503,3503,3503,3503,3503,3503,3503,3503,3503,3503,3503,3503,3503,3503,3503,3503,3503,3503,3503,3503,3503,3503,3503,3503,3503,3503,3503,3503,3503,
3503,3503,3503,3503,3503,3503,3503,3503,3503,3503,3503,3503,3503,3503,3503,3503,3503,3503,3503,3503,3503,3503,3503,3503,3503,3503,3503,3503,3503,3503,3503,3503,3503,3503,3503,3503,3503,3503,3503,3503,3503,3503,3503,3503,3503,3503,3503,3503,3503,3503,3503,3503,3503,3503,3503,3503,3503,3503,3503,3503
