2416,2416,2416,2416,2416,2416,2416,2416,2416,2416,2416,2416,2416,2416,2416,2416,2416,2416,2416,2416,2416,2416,2416,2416,2416,2416,2416,2416,2416,2416,2416,2416,2416,2416,2416,2416,2416,2416,2416,2416,2416,2416,2416,2416,2416,2416,2416,2416,2416,2416,2416,2416,2416,2416,2416,2416,2416,2416,2416,2416,
2416,0,8784,8785,8700,8784,8785,0,8367,0,6755,6756,6757,6758,6759,8624,8792,8793,2416,0,0,0,0,0,6614,0,0,0,8412,8413,0,0,0,6614,0,0,0,0,0,2416,0,0,0,10631,0,0,6477,8256,8257,8258,8259,0,6847,6848,6849,6850,6851,6683,6684,2416,
2416,8700,0,0,0,0,0,0,8789,0,6838,6839,6840,6841,6842,0,0,0,2416,0,0,0,0,0,6697,6535,6536,0,8495,8496,0,7997,7998,6697,0,0,0,0,0,2416,0,10465,10466,10714,10548,10549,6560,8339,8340,8341,8342,0,6930,6931,6932,6933,6934,6766,6767,2416,
2416,0,0,0,0,0,0,0,8872,0,0,0,0,0,0,0,0,8714,2416,0,0,0,0,0,0,0,0,0,0,0,0,0,0,0,0,0,0,0,0,2416,0,0,10708,0,10709,0,0,0,0,0,0,0,0,0,0,0,0,0,0,2416,
2416,0,0,0,0,0,0,0,0,0,0,0,0,0,0,0,0,8797,2416,0,0,0,0,0,0,0,0,0,0,0,0,0,0,0,0,0,0,0,0,2416,0,0,0,0,0,0,0,0,0,0,0,0,0,0,0,0,0,6862,6863,2416,
2416,0,0,0,0,0,0,0,0,0,0,0,0,0,0,0,0,0,2416,0,0,0,0,0,0,0,0,0,0,0,0,0,0,0,0,0,0,0,0,2416,10874,0,0,0,0,0,0,0,0,0,0,0,0,0,0,0,0,6945,6946,2416,
2416,8453,8453,8454,0,0,0,0,0,0,0,0,0,0,0,0,0,8714,2416,0,0,0,0,0,0,0,0,0,0,0,0,0,0,0,0,0,0,0,0,2416,10876,0,0,0,0,0,0,0,10430,10431,0,0,0,0,0,0,0,0,0,2416,
2416,0,0,0,0,0,0,0,0,0,0,0,0,0,0,0,0,8797,2416,0,0,0,5933,5934,5935,0,0,0,0,0,0,0,0,0,0,0,0,0,0,2416,10877,0,0,0,0,0,0,0,0,10513,10514,0,0,0,0,0,0,0,0,2416,
2416,0,0,0,0,0,0,0,8366,0,8116,0,0,0,0,0,0,0,2416,0,0,0,6016,6017,6018,0,0,0,0,0,0,0,0,10264,10265,0,0,0,0,2416,10875,0,0,0,0,0,0,0,0,10596,10597,0,0,0,0,7114,7115,7280,7281,2416,
2416,8621,0,0,0,0,0,0,0,8116,0,0,0,0,0,0,0,8621,2416,0,0,0,6099,6100,6101,0,0,0,0,0,0,0,0,0,0,0,0,0,0,2416,10713,0,0,0,0,0,0,0,0,0,0,0,0,0,0,0,7111,7112,7113,2416,
2416,8704,0,0,0,0,0,0,8369,8369,8369,0,0,0,0,0,0,8704,2416,0,0,0,0,0,0,0,0,0,0,0,0,0,0,0,0,0,0,0,0,2416,0,0,7764,7765,7766,0,0,0,0,0,0,0,0,0,0,0,7194,7195,7196,2416,
2416,0,0,0,0,0,0,0,0,0,0,0,0,0,0,0,0,0,2416,0,0,0,0,0,0,0,0,0,0,0,0,0,0,0,0,0,0,0,0,2416,0,0,0,0,0,0,0,0,0,0,0,0,0,0,0,0,0,0,0,2416,
2416,2416,2416,2416,2416,2416,2416,2416,2416,2416,2416,2416,2416,2416,2416,2416,2416,2416,2416,0,0,0,0,0,0,0,0,0,0,0,0,0,0,0,0,0,0,0,0,2416,2416,2416,2416,2416,2416,2416,2416,2416,2416,2416,2416,2416,2416,2416,2416,2416,2416,2416,2416,2416,
2416,2659,2659,2659,2659,2659,2659,2659,2659,2492,2494,2659,2659,2659,2659,2659,2659,2659,2659,0,0,0,0,0,0,10607,10608,10608,10608,10609,10609,10609,10610,0,0,0,0,0,0,2659,2659,2659,2659,2659,2659,2659,2659,2492,2494,2659,2659,2659,2659,2659,2659,2659,2659,2659,2659,2416,
2416,0,0,0,0,0,0,0,0,0,0,0,0,0,0,0,0,0,0,0,0,0,0,0,0,0,0,0,0,0,0,0,0,0,0,0,0,0,0,0,0,0,0,0,10798,0,0,0,0,0,0,10798,0,0,0,0,0,0,0,2416,
2416,0,0,0,0,0,0,0,0,0,0,0,0,0,0,0,0,0,0,0,0,0,0,0,0,0,0,0,0,0,0,0,0,0,0,0,0,0,0,0,0,0,0,0,0,0,0,0,0,0,0,0,0,0,0,0,0,0,0,2416,
2416,0,0,9936,9937,0,0,0,0,0,0,0,0,0,0,0,0,0,0,0,0,0,0,0,0,0,0,0,0,0,0,0,0,0,0,0,0,0,0,0,0,0,0,0,0,0,0,0,0,0,0,0,0,0,0,9934,9935,0,0,2416,
2416,0,0,10019,10020,0,0,0,0,0,0,0,0,0,0,0,0,0,0,0,0,0,0,0,0,0,0,0,0,0,0,0,0,0,0,0,0,0,0,0,0,0,0,0,0,0,0,0,0,0,0,0,0,0,0,10017,10018,0,0,2416,
2416,0,0,0,0,0,0,0,0,0,0,0,0,0,0,0,0,0,0,0,0,0,0,0,0,0,0,0,0,0,0,0,0,0,0,0,0,0,0,0,0,0,0,0,0,0,0,0,0,0,0,0,0,0,0,0,0,0,0,2416,
2416,2416,2416,2416,2416,2416,2416,2416,2416,2416,2416,2416,2416,2416,2416,2416,2416,2416,2416,0,0,0,0,0,0,0,0,0,0,0,0,0,0,0,0,0,0,0,0,2416,2416,2416,2416,2416,2416,2416,2416,2416,2416,2416,2416,2416,2416,2416,2416,2416,2416,2416,2416,2416,
2416,2659,2659,2659,10654,10655,10656,2659,2659,2492,2494,2659,2659,10660,10661,10662,2659,2659,2416,0,0,0,0,0,0,0,10857,10858,10857,10857,10857,10858,0,0,0,0,0,0,0,2416,2659,2659,2659,2659,2659,2659,2659,2492,2494,2659,2659,2659,2659,2659,2659,2659,2659,2659,2659,2416,
2416,0,0,0,10737,10738,10739,0,0,0,0,0,0,10743,10744,10745,0,0,2416,0,0,0,0,0,0,0,0,0,0,0,0,0,0,0,0,0,0,0,0,2416,0,0,10651,10652,10653,0,0,0,0,0,0,0,9838,9839,9840,0,6004,6005,6006,2416,
2416,0,0,0,0,0,0,0,0,0,0,0,0,0,0,0,0,0,2416,0,0,8319,8320,0,0,0,0,0,0,0,0,0,0,0,6360,6361,6362,0,0,2416,0,0,0,0,0,0,0,0,0,0,0,0,9921,9922,9923,0,0,0,0,2416,
2416,7606,0,0,10651,10652,10653,0,0,0,0,0,0,0,0,0,0,7606,2416,0,0,8402,8403,0,0,0,0,0,0,0,0,0,0,0,6443,6444,6445,0,0,2416,6177,6178,0,0,0,0,0,0,0,0,0,0,0,0,0,0,0,0,0,2416,
2416,6365,0,0,0,0,0,0,0,0,0,0,0,0,0,0,0,6369,2416,0,0,0,0,0,0,0,0,0,0,0,0,0,0,0,0,0,0,0,0,2416,6260,6261,0,0,0,0,0,0,0,0,0,0,0,0,0,0,5926,5927,0,2416,
2416,6770,0,0,0,0,0,0,0,0,0,0,0,0,0,0,0,6533,2416,7428,7429,0,0,0,0,0,0,0,0,0,0,0,0,0,0,0,0,7428,7429,2416,6167,6168,0,0,0,5821,5822,0,0,0,0,5928,5929,0,0,0,6009,6010,0,2416,
2416,6698,0,0,0,0,0,0,0,0,0,0,0,0,0,0,0,6534,2416,7511,7512,0,0,0,0,0,0,0,0,0,0,0,0,0,0,0,0,7511,7512,2416,6250,6251,0,0,0,5904,5905,0,5328,5329,0,6011,6012,0,0,0,0,0,0,2416,
2416,6289,0,0,0,0,0,0,0,0,0,0,0,0,0,0,0,6368,2416,7594,7595,0,0,0,0,0,0,0,0,0,0,0,0,0,0,0,0,7594,7595,2416,0,0,0,0,0,0,0,0,0,0,0,0,0,0,0,6651,6652,6653,0,2416,
2416,0,0,0,0,0,10272,10273,0,0,0,0,0,0,0,0,0,6703,2416,7677,7678,0,0,0,0,0,0,0,0,0,0,8440,8441,0,0,0,0,7677,7678,2416,0,0,0,0,0,0,0,0,0,0,0,0,0,0,0,6734,6735,6736,0,2416,
2416,0,0,10515,10516,0,10355,10356,0,0,10025,10026,10023,10024,10021,10022,0,0,2416,0,0,0,0,0,0,0,0,0,0,0,0,8523,8524,0,0,0,0,0,0,2416,0,0,0,0,0,0,0,0,0,0,0,0,0,0,0,0,0,0,0,2416,
2416,0,0,0,0,0,0,0,0,0,0,0,0,0,0,0,0,0,2416,0,0,0,0,0,0,0,0,0,0,0,0,0,0,0,0,0,0,0,0,2416,0,0,0,0,0,0,0,0,0,0,0,0,0,0,0,0,0,0,0,2416,
2416,2416,2416,2416,2416,2416,2416,2416,2416,2416,2416,2416,2416,2416,2416,2416,2416,2416,2416,2416,2416,2416,2416,2416,2416,2416,2416,2416,2416,2416,2416,2416,2416,2416,2416,2416,2416,2416,2416,2416,2416,2416,2416,2416,2416,2416,2416,2416,2416,2416,2416,2416,2416,2416,2416,2416,2416,2416,2416,2416,
2499,2499,2499,2499,2499,2499,2499,2499,2499,2499,2499,2499,2499,2499,2499,2499,2499,2499,2499,2499,2499,2499,2499,2499,2499,2499,2582,2583,2584,2584,2585,2586,2499,2499,2499,2499,2499,2499,2499,2499,2499,2499,2499,2499,2499,2499,2499,2499,2499,2499,2499,2499,2499,2499,2499,2499,2499,2499,2499,2499,
2160,0,0,0,590,591,0,0,0,0,0,590,591,0,0,0,0,0,0,590,591,0,0,0,0,0,0,0,0,0,0,0,0,0,0,0,0,590,591,0,0,0,0,0,0,590,591,0,0,0,0,0,0,590,591,0,0,0,0,2160,
0,0,0,0,0,0,0,0,0,0,0,0,0,0,0,0,0,0,0,0,0,0,0,0,0,0,0,0,0,0,0,0,0,0,0,0,0,0,0,0,0,0,0,0,0,0,0,0,0,0,0,0,0,0,0,0,0,0,0,1340,
0,0,0,0,0,0,0,0,0,0,0,0,0,0,0,0,0,0,0,0,0,0,0,0,0,0,1997,0,0,0,0,2080,0,0,0,0,0,0,0,0,0,0,0,0,0,0,0,0,0,0,0,0,0,0,0,0,0,0,0,0,
0,0,0,0,0,0,0,0,0,0,0,0,0,0,0,0,0,0,0,0,0,0,0,0,0,4742,4743,0,0,0,0,0,0,0,0,0,0,0,0,0,0,0,0,0,0,0,0,0,0,0,0,0,0,0,0,0,0,0,0,0,
0,0,0,0,0,0,0,0,0,0,0,0,0,0,0,0,0,0,0,0,0,0,0,0,0,0,0,0,0,0,0,0,0,0,0,0,0,0,0,0,0,0,0,0,0,0,0,0,0,0,0,0,0,0,0,0,0,0,0,0,
0,0,0,0,0,0,0,0,0,0,0,0,0,0,0,0,0,0,0,0,0,0,0,0,0,0,0,0,0,0,0,0,0,0,0,0,0,0,0,0,0,0,0,0,0,0,0,0,0,0,0,0,0,0,0,0,0,0,0,0,
0,0,0,0,0,0,0,0,0,0,0,0,0,0,0,0,0,0,0,0,0,0,0,0,0,0,0,0,0,0,0,0,0,0,0,0,0,0,0,0,0,0,0,0,0,0,0,0,0,0,0,0,0,0,0,0,0,0,0,0
